r	105	60	10	10	0	0	80s	100	1	1101
r	177	70	10	10	0	0	80s	100	1	1103
r	67	75	10	10	0	0	80s	100	1	1103
r	276	78	10	10	0	0	80s	100	1	1104
r	171	85	10	10	0	0	80s	100	1	1104
r	200	87	10	10	0	0	80s	100	1	1103
r	242	92	10	10	0	0	80s	100	1	1102
r	334	94	10	10	0	0	80s	100	1	1104
r	304	121	10	10	0	0	80s	100	1	1102
r	174	122	10	10	0	0	80s	100	1	1101
r	314	123	10	10	0	0	80s	100	1	1101
r	250	124	10	10	0	0	80s	100	1	1104
r	283	141	10	10	0	0	80s	100	1	1103
r	43	142	10	10	0	0	80s	100	1	1104
r	454	149	10	10	0	0	80s	100	1	1103
r	135	150	10	10	0	0	80s	100	1	1102
r	401	153	10	10	0	0	80s	100	1	1104
r	417	158	10	10	0	0	80s	100	1	1101
r	394	166	10	10	0	0	80s	100	1	1103
r	404	166	10	10	0	0	80s	100	1	1103
r	418	166	10	10	0	0	80s	100	1	1104
r	193	178	10	10	0	0	80s	100	1	1102
r	189	183	10	10	0	0	80s	100	1	1102
r	300	188	10	10	0	0	80s	100	1	1104
r	218	193	10	10	0	0	80s	100	1	1101
r	246	194	10	10	0	0	80s	100	1	1104
r	302	194	10	10	0	0	80s	100	1	1101
r	266	199	10	10	0	0	80s	100	1	1101
r	358	201	10	10	0	0	80s	100	1	1104
r	375	206	10	10	0	0	80s	100	1	1101
r	363	210	10	10	0	0	80s	100	1	1103
r	193	212	10	10	0	0	80s	100	1	1101
r	368	212	10	10	0	0	80s	100	1	1103
r	313	213	10	10	0	0	80s	100	1	1104
r	264	214	10	10	0	0	80s	100	1	1103
r	284	220	10	10	0	0	80s	100	1	1101
r	320	233	10	10	0	0	80s	100	1	1104
r	327	238	10	10	0	0	80s	100	1	1102
r	103	250	10	10	0	0	80s	100	1	1101
r	195	250	10	10	0	0	80s	100	1	1104
r	159	252	10	10	0	0	80s	100	1	1102
r	276	254	10	10	0	0	80s	100	1	1102
r	160	256	10	10	0	0	80s	100	1	1104
r	249	263	10	10	0	0	80s	100	1	1103
r	417	266	10	10	0	0	80s	100	1	1102
r	408	271	10	10	0	0	80s	100	1	1101
r	443	272	10	10	0	0	80s	100	1	1102
r	247	273	10	10	0	0	80s	100	1	1104
r	290	276	10	10	0	0	80s	100	1	1104
r	397	280	10	10	0	0	80s	100	1	1101
r	343	291	10	10	0	0	80s	100	1	1102
r	361	291	10	10	0	0	80s	100	1	1102
r	141	295	10	10	0	0	80s	100	1	1102
r	404	308	10	10	0	0	80s	100	1	1102
r	349	310	10	10	0	0	80s	100	1	1101
r	131	316	10	10	0	0	80s	100	1	1104
r	111	318	10	10	0	0	80s	100	1	1103
r	316	319	10	10	0	0	80s	100	1	1103
r	225	328	10	10	0	0	80s	100	1	1101
r	99	329	10	10	0	0	80s	100	1	1103
r	340	334	10	10	0	0	80s	100	1	1103
r	415	338	10	10	0	0	80s	100	1	1101
r	331	355	10	10	0	0	80s	100	1	1102
r	381	356	10	10	0	0	80s	100	1	1101
r	72	367	10	10	0	0	80s	100	1	1103
r	99	371	10	10	0	0	80s	100	1	1101
r	323	381	10	10	0	0	80s	100	1	1102
r	106	382	10	10	0	0	80s	100	1	1101
r	253	386	10	10	0	0	80s	100	1	1103
r	325	387	10	10	0	0	80s	100	1	1103
r	163	389	10	10	0	0	80s	100	1	1101
r	63	395	10	10	0	0	80s	100	1	1104
r	160	399	10	10	0	0	80s	100	1	1103
r	150	404	10	10	0	0	80s	100	1	1102
r	287	406	10	10	0	0	80s	100	1	1101
r	362	414	10	10	0	0	80s	100	1	1103
r	142	418	10	10	0	0	80s	100	1	1104
m	115	96	30	30	0	0	60s	100	1	131
m	134	356	30	30	0	0	60s	100	1	131
m	352	372	30	30	0	0	60s	100	1	131
m	387	230	30	30	0	0	60s	100	1	131
m	273	165	30	30	0	0	60s	100	1	131
m	195	102	30	30	0	0	60s	100	1	131
m	84	117	30	30	0	0	60s	100	1	131
m	245	363	30	30	0	0	60s	100	1	131
m	366	251	30	30	0	0	60s	100	1	131
m	173	295	30	30	0	0	60s	100	1	131
m	180	154	30	30	0	0	60s	100	1	131
m	146	96	30	30	0	0	60s	100	1	132
m	386	325	30	30	0	0	60s	100	1	132
m	407	216	30	30	0	0	60s	100	1	132
m	277	175	30	30	0	0	60s	100	1	132
m	114	117	30	30	0	0	60s	100	1	132
m	390	135	30	30	0	0	60s	100	1	132
m	235	373	30	30	0	0	60s	100	1	132
m	134	259	30	30	0	0	60s	100	1	132
m	220	144	30	30	0	0	60s	100	1	132
m	86	95	30	30	0	0	60s	100	1	133
m	377	263	30	30	0	0	60s	100	1	133
m	161	325	30	30	0	0	60s	100	1	133
m	255	233	30	30	0	0	60s	100	1	133
m	264	144	30	30	0	0	60s	100	1	133
m	413	136	30	30	0	0	60s	100	1	133
m	414	400	30	30	0	0	60s	100	1	134
m	409	374	30	30	0	0	60s	100	1	134
m	141	216	30	30	0	0	60s	100	1	134
m	85	139	30	30	0	0	60s	100	1	134
m	209	62	30	30	0	0	60s	100	1	134
m	329	261	30	30	0	0	60s	100	1	135
m	375	144	30	30	0	0	60s	100	1	135
m	218	224	30	30	0	0	60s	100	1	135
m	204	121	30	30	0	0	60s	100	1	135
m	137	384	30	30	0	0	60s	100	1	135
m	370	387	30	30	0	0	60s	100	1	136
m	258	335	30	30	0	0	60s	100	1	136
m	229	407	30	30	0	0	60s	100	1	136
m	319	331	30	30	0	0	60s	100	1	136
m	149	338	30	30	0	0	60s	100	1	136
m	144	114	30	30	0	0	60s	100	1	137
m	362	109	30	30	0	0	60s	100	1	137
m	230	161	30	30	0	0	60s	100	1	137
m	386	299	30	30	0	0	60s	100	1	137
m	226	384	30	30	0	0	60s	100	1	137
m	151	67	30	30	0	0	60s	100	1	138
m	72	320	30	30	0	0	60s	100	1	138
m	107	273	30	30	0	0	60s	100	1	138
m	61	113	30	30	0	0	60s	100	1	138
m	135	74	30	30	0	0	60s	100	1	139
m	221	83	30	30	0	0	60s	100	1	139
m	342	404	30	30	0	0	60s	100	1	139
m	422	384	30	30	0	0	60s	100	1	139
m	468	161	30	30	0	0	60s	100	1	140
m	324	202	30	30	0	0	60s	100	1	140
m	94	290	30	30	0	0	60s	100	1	140
m	151	183	30	30	0	0	60s	100	1	140
m	109	86	30	30	0	0	60s	100	1	141
m	364	334	30	30	0	0	60s	100	1	141
m	107	347	30	30	0	0	60s	100	1	141
m	242	346	30	30	0	0	60s	100	1	141
m	319	175	30	30	0	0	60s	100	1	141
m	158	123	30	30	0	0	60s	100	1	141
